0	830	0
0	830	0
0	830	0
0	830	0
0	830	0
0	830	0
0	830	0
0	830	0
0	830	0
0	830	0
0	830	0
0	830	0
0	830	0
0	830	0
0	830	0
0	830	0
0	830	0
0	830	0
0	830	0
0	830	0
0	830	0
0	830	0
0	830	0
0	830	0
0	830	0
0	830	0
0	830	0
0	830	0
0	830	0
0	830	0
0	830	0
0	830	0
0	830	0
0	830	0
0	830	0
0	830	0
0	830	0
0	830	0
0	830	0
0	830	0
0	830	0
0	830	0
0	830	0
0	830	0
0	830	0
0	830	0
0	830	0
0	830	0
0	830	0
0	830	0
0	830	0
0	830	0
0	830	0
0	830	0
0	830	0
0	830	0
0	830	0
0	830	0
0	830	0
0	830	0
0	830	0
0	830	0
0	830	0
0	830	0
0	830	0
0	830	0
0	830	0
0	830	0
0	830	0
0	830	0
0	830	0
0	830	0
0	830	0
0	830	0
0	830	0
0	830	0
0	830	0
0	830	0
0	830	0
0	830	0
0	830	0
0	830	0
0	830	0
0	830	0
0	830	0
0	830	0
0	830	0
0	830	0
0	830	0
0	830	0
0	830	0
0	830	0
0	830	0
0	830	0
0	830	0
0	830	0
0	830	0
0	830	0
0	830	0
0	830	0
0	830	0
0	830	0
0	830	0
0	830	0
0	830	0
0	830	0
0	830	0
0	830	0
0	830	0
0	830	0
0	830	0
0	830	0
0	830	0
0	830	0
0	830	0
0	830	0
0	830	0
0	830	0
0	830	0
0	830	0
0	830	0
0	830	0
0	830	0
0	830	0
0	830	0
0	830	0
0	830	0
0	830	0
0	830	0
0	830	0
0	830	0
0	830	0
0	830	0
0	830	0
0	830	0
0	830	0
0	830	0
0	830	0
0	830	0
0	830	0
0	830	0
0	830	0
0	830	0
0	830	0
0	830	0
0	830	0
0	830	0
0	830	0
0	830	0
0	830	0
0	830	0
0	830	0
0	830	0
0	830	0
0	830	0
0	830	0
0	830	0
0	830	0
0	830	0
0	830	0
0	830	0
0	830	0
0	830	0
0	830	0
0	830	0
0	830	0
0	830	0
0	830	0
0	830	0
0	830	0
0	830	0
0	830	0
0	830	0
0	830	0
0	830	0
0	830	0
0	830	0
0	830	0
0	830	0
0	830	0
0	830	0
0	830	0
0	830	0
0	830	0
0	830	0
0	830	0
0	830	0
0	830	0
0	830	0
0	830	0
0	830	0
0	830	0
0	830	0
0	830	0
0	830	0
0	830	0
0	830	0
0	830	0
0	830	0
0	830	0
0	830	0
0	830	0
0	830	0
0	830	0
0	830	0
0	830	0
0	830	0
0	830	0
0	830	0
0	830	0
0	830	0
0	830	0
0	830	0
0	830	0
0	830	0
0	830	0
0	830	0
0	830	0
0	830	0
0	830	0
0	830	0
0	830	0
0	830	0
0	830	0
0	830	0
0	830	0
0	830	0
0	830	0
0	830	0
0	830	0
0	830	0
0	830	0
0	830	0
0	830	0
0	830	0
0	830	0
0	830	0
0	830	0
0	830	0
0	830	0
0	830	0
0	830	0
0	830	0
0	830	0
0	830	0
0	830	0
0	830	0
0	830	0
0	830	0
0	830	0
0	830	0
0	830	0
0	830	0
0	830	0
0	830	0
0	830	0
0	830	0
0	830	0
0	830	0
0	830	0
0	830	0
0	830	0
0	830	0
0	830	0
0	830	0
0	830	0
0	830	0
0	830	0
0	830	0
0	830	0
0	830	0
0	830	0
0	830	0
0	830	0
0	830	0
0	830	0
0	830	0
0	830	0
0	830	0
0	830	0
0	830	0
0	830	0
0	830	0
0	830	0
0	830	0
0	830	0
0	830	0
0	830	0
0	830	0
0	830	0
0	830	0
0	830	0
0	830	0
0	830	0
0	830	0
0	830	0
0	830	0
0	830	0
0	830	0
0	830	0
0	830	0
0	830	0
0	830	0
0	830	0
0	830	0
0	830	0
0	830	0
0	830	0
0	830	0
0	830	0
0	830	0
0	830	0
0	830	0
0	830	0
0	830	0
0	830	0
0	830	0
0	830	0
0	830	0
0	830	0
0	830	0
0	830	0
0	830	0
0	830	0
0	830	0
0	830	0
0	830	0
0	830	0
0	830	0
0	830	0
0	830	0
0	830	0
0	830	0
0	830	0
0	830	0
0	830	0
0	830	0
0	830	0
0	830	0
0	830	0
0	830	0
0	830	0
0	830	0
0	830	0
0	830	0
0	830	0
0	830	0
0	830	0
0	830	0
0	830	0
0	830	0
0	830	0
0	830	0
0	830	0
0	830	0
0	830	0
0	830	0
0	830	0
0	830	0
0	830	0
0	830	0
0	830	0
0	830	0
0	830	0
0	830	0
0	830	0
0	830	0
0	830	0
0	830	0
0	830	0
0	830	0
0	830	0
0	830	0
0	830	0
0	830	0
0	830	0
0	830	0
0	830	0
0	830	0
0	830	0
0	830	0
0	830	0
0	830	0
0	830	0
0	830	0
0	830	0
0	830	0
0	830	0
0	830	0
0	830	0
0	830	0
0	830	0
0	830	0
0	830	0
0	830	0
0	830	0
0	830	0
0	830	0
0	830	0
0	830	0
0	830	0
0	830	0
0	830	0
0	830	0
0	830	0
0	830	0
0	830	0
0	830	0
0	830	0
0	830	0
0	830	0
0	830	0
0	830	0
0	830	0
0	830	0
0	830	0
0	830	0
0	830	0
0	830	0
0	830	0
0	830	0
0	830	0
0	830	0
0	830	0
0	830	0
0	830	0
0	830	0
0	830	0
0	830	0
0	830	0
0	830	0
0	830	0
0	830	0
0	830	0
0	830	0
0	830	0
0	830	0
0	830	0
0	830	0
0	830	0
0	830	0
0	830	0
0	830	0
0	830	0
0	830	0
0	830	0
0	830	0
0	830	0
0	830	0
0	830	0
0	830	0
0	830	0
0	830	0
0	830	0
0	830	0
0	830	0
0	830	0
0	830	0
0	830	0
0	830	0
0	830	0
0	830	0
0	830	0
0	830	0
0	830	0
0	830	0
0	830	0
0	830	0
0	830	0
0	830	0
0	830	0
0	830	0
0	830	0
0	830	0
0	830	0
0	830	0
0	830	0
0	830	0
0	830	0
0	830	0
0	830	0
0	830	0
0	830	0
0	830	0
0	830	0
0	830	0
0	830	0
0	830	0
0	830	0
0	830	0
0	830	0
0	830	0
0	830	0
0	830	0
0	830	0
0	830	0
0	830	0
0	830	0
0	830	0
0	830	0
0	830	0
0	830	0
0	830	0
0	830	0
0	830	0
0	830	0
0	830	0
0	830	0
0	830	0
0	830	0
0	830	0
0	830	0
0	830	0
0	830	0
0	830	0
0	830	0
0	830	0
1	830	1
0	830	0
0	830	0
1	830	1
1	830	1
0	830	0
1	830	1
0	830	0
1	830	1
2	830	2
6	830	6
2	830	2
7	830	7
6	830	6
15	830	15
11	830	11
12	830	12
11	830	11
8	830	8
15	830	15
6	830	6
11	830	11
10	830	10
7	830	7
8	830	8
19	830	19
16	830	18
13	830	13
10	830	10
20	830	22
14	830	14
22	830	22
13	830	13
19	830	19
20	830	20
20	830	20
18	830	18
25	830	27
35	830	37
24	830	28
40	830	40
29	830	31
32	830	34
36	830	40
35	830	37
41	830	41
31	830	33
33	830	35
26	830	26
30	830	30
30	830	32
45	830	47
25	830	29
33	830	35
34	830	36
37	830	37
30	830	30
34	830	36
31	830	31
39	830	43
42	830	44
30	830	34
36	830	38
34	830	34
35	830	37
35	830	37
44	830	48
47	830	49
47	830	51
29	830	29
34	830	34
35	830	37
38	830	42
30	830	30
40	830	42
39	830	39
45	830	49
42	830	46
49	830	53
41	830	41
46	830	50
36	830	36
50	830	50
35	830	35
41	830	45
38	830	40
34	830	34
37	830	39
39	830	41
49	830	53
38	830	38
37	830	37
40	830	42
43	830	43
38	830	40
42	830	44
49	830	51
50	830	52
43	830	51
42	830	42
30	830	30
38	830	40
35	830	35
33	830	33
30	830	32
27	830	27
32	830	32
38	830	38
38	830	38
45	830	47
38	830	38
39	830	39
37	830	43
33	830	33
52	830	54
42	830	48
36	830	40
53	830	57
43	830	43
34	830	34
34	830	36
34	830	36
50	830	52
37	830	39
41	830	41
27	830	27
27	830	27
41	830	41
45	830	47
45	830	45
42	830	48
36	830	36
44	830	44
35	830	39
28	830	28
31	830	33
27	830	27
34	830	36
27	830	27
29	830	29
32	830	32
38	830	40
29	830	29
38	830	40
34	830	36
40	830	44
24	830	24
40	830	40
39	830	39
33	830	33
34	830	38
32	830	34
37	830	39
28	830	28
36	830	36
36	830	36
32	830	34
44	830	46
42	830	42
38	830	42
52	830	58
41	830	41
53	830	53
52	830	54
53	830	59
47	830	49
49	830	53
44	830	46
53	830	59
50	830	50
44	830	46
43	830	45
48	830	48
53	830	55
46	830	48
37	830	37
56	830	60
48	830	52
59	830	61
43	830	43
45	830	51
73	830	77
66	830	66
63	830	65
63	830	73
58	830	66
67	830	77
80	830	86
69	830	73
52	830	54
86	830	90
63	830	67
83	830	89
62	830	66
54	830	58
59	830	65
76	830	94
87	830	93
85	830	91
70	830	74
78	830	86
80	830	88
89	830	95
71	830	77
91	830	107
91	830	103
98	830	114
90	830	92
96	830	108
96	830	106
106	830	118
114	830	136
103	830	115
128	830	150
103	830	111
110	830	136
121	830	153
118	830	138
127	830	139
126	830	138
115	830	133
111	830	123
109	830	121
133	830	145
138	830	156
150	830	172
162	830	198
122	830	136
129	830	157
131	830	167
157	830	181
142	830	170
141	830	175
164	830	194
126	830	154
160	830	182
148	830	178
151	830	201
123	830	147
116	830	130
151	830	175
144	830	168
136	830	154
132	830	162
152	830	178
138	830	158
144	830	168
147	830	169
121	830	143
126	830	136
149	830	165
125	830	149
132	830	156
146	830	188
137	830	163
160	830	182
142	830	170
141	830	167
122	830	140
139	830	171
140	830	164
141	830	157
122	830	138
147	830	179
132	830	154
146	830	180
118	830	134
130	830	138
147	830	179
132	830	154
115	830	143
133	830	149
130	830	162
111	830	117
111	830	121
120	830	132
126	830	156
126	830	150
120	830	140
128	830	150
129	830	145
113	830	119
106	830	122
121	830	141
125	830	133
119	830	143
125	830	145
108	830	128
123	830	151
124	830	132
100	830	114
133	830	155
115	830	127
110	830	134
99	830	109
116	830	128
118	830	130
130	830	152
135	830	161
124	830	148
96	830	114
104	830	114
91	830	101
92	830	100
112	830	130
131	830	155
103	830	109
121	830	135
91	830	95
112	830	124
102	830	112
106	830	128
113	830	133
112	830	120
112	830	118
110	830	124
110	830	114
117	830	133
112	830	128
106	830	114
95	830	101
94	830	106
101	830	113
89	830	103
94	830	104
109	830	131
74	830	78
96	830	102
103	830	107
102	830	116
78	830	80
100	830	108
89	830	95
104	830	122
94	830	104
84	830	90
104	830	114
96	830	106
92	830	102
97	830	107
94	830	102
78	830	84
86	830	96
78	830	82
78	830	88
96	830	100
126	830	142
99	830	113
80	830	86
94	830	100
87	830	97
97	830	103
80	830	86
70	830	70
92	830	102
87	830	97
90	830	98
76	830	80
92	830	98
84	830	92
84	830	88
94	830	100
81	830	89
99	830	109
87	830	99
93	830	105
86	830	98
82	830	84
94	830	120
85	830	99
80	830	90
81	830	87
98	830	102
86	830	92
92	830	100
87	830	95
70	830	72
91	830	101
93	830	99
89	830	95
78	830	86
82	830	98
80	830	92
76	830	82
79	830	87
84	830	92
82	830	90
92	830	104
61	830	61
78	830	80
84	830	94
78	830	80
73	830	79
78	830	82
82	830	88
95	830	101
75	830	77
72	830	78
68	830	78
72	830	78
71	830	73
87	830	97
86	830	100
74	830	76
75	830	77
64	830	68
80	830	88
82	830	90
83	830	87
70	830	82
69	830	81
82	830	88
67	830	69
76	830	84
72	830	78
72	830	76
60	830	66
77	830	81
78	830	80
64	830	66
77	830	91
69	830	75
86	830	96
71	830	73
70	830	78
79	830	81
49	830	53
66	830	68
69	830	77
47	830	49
86	830	94
78	830	84
70	830	78
66	830	78
66	830	70
66	830	68
70	830	74
68	830	72
60	830	68
63	830	77
67	830	67
55	830	57
62	830	66
74	830	76
79	830	85
61	830	61
60	830	64
58	830	62
60	830	62
57	830	65
64	830	68
67	830	73
63	830	69
58	830	62
70	830	76
65	830	71
55	830	59
60	830	64
55	830	57
68	830	76
66	830	76
58	830	60
70	830	78
61	830	67
55	830	55
59	830	59
58	830	64
58	830	66
64	830	70
68	830	70
54	830	60
58	830	64
53	830	55
57	830	59
72	830	76
67	830	77
57	830	67
62	830	72
55	830	57
55	830	59
62	830	64
60	830	68
61	830	71
52	830	56
62	830	66
53	830	53
52	830	58
62	830	74
64	830	66
55	830	59
64	830	68
62	830	68
55	830	55
58	830	60
59	830	65
33	830	35
54	830	58
54	830	58
45	830	47
56	830	60
51	830	51
47	830	51
53	830	55
52	830	56
48	830	50
50	830	50
60	830	64
55	830	61
50	830	50
55	830	57
41	830	41
56	830	58
53	830	55
53	830	59
48	830	50
52	830	56
48	830	50
52	830	54
59	830	63
53	830	55
67	830	73
50	830	50
45	830	51
44	830	46
42	830	42
39	830	39
48	830	50
50	830	54
56	830	64
52	830	54
35	830	35
45	830	49
48	830	52
52	830	54
40	830	40
53	830	53
45	830	47
51	830	53
47	830	47
44	830	46
33	830	33
49	830	51
46	830	48
50	830	56
62	830	64
38	830	42
50	830	56
46	830	50
60	830	64
45	830	45
52	830	54
41	830	43
49	830	51
36	830	36
50	830	54
48	830	48
52	830	52
42	830	48
51	830	51
41	830	47
47	830	53
39	830	41
45	830	49
47	830	51
49	830	51
49	830	51
46	830	46
50	830	54
41	830	41
45	830	47
52	830	54
57	830	59
45	830	47
37	830	41
39	830	47
42	830	44
53	830	55
56	830	60
37	830	37
43	830	43
48	830	52
45	830	47
48	830	50
54	830	56
33	830	33
51	830	51
38	830	42
49	830	49
46	830	46
50	830	58
40	830	40
38	830	40
50	830	50
45	830	47
33	830	35
33	830	35
26	830	26
42	830	42
34	830	34
42	830	42
38	830	38
35	830	35
49	830	53
45	830	49
50	830	54
43	830	47
41	830	47
37	830	39
33	830	39
38	830	40
37	830	37
34	830	34
35	830	35
43	830	43
42	830	48
35	830	35
35	830	39
34	830	34
42	830	42
43	830	45
39	830	45
38	830	38
45	830	45
34	830	34
45	830	49
37	830	37
39	830	39
47	830	47
35	830	35
50	830	52
32	830	36
28	830	30
42	830	44
44	830	44
37	830	37
30	830	30
34	830	40
34	830	34
36	830	36
32	830	32
43	830	47
36	830	38
31	830	33
35	830	39
35	830	41
37	830	37
34	830	34
31	830	31
45	830	51
30	830	30
33	830	35
34	830	38
35	830	35
38	830	44
51	830	55
35	830	35
33	830	35
27	830	27
39	830	39
33	830	35
31	830	33
42	830	44
35	830	37
43	830	45
36	830	42
33	830	33
43	830	43
33	830	35
30	830	32
47	830	51
33	830	33
54	830	58
31	830	33
28	830	30
30	830	30
34	830	36
26	830	28
32	830	32
34	830	34
31	830	33
31	830	33
33	830	33
31	830	31
26	830	28
35	830	37
23	830	23
38	830	40
29	830	29
30	830	32
36	830	36
38	830	38
35	830	39
23	830	25
36	830	36
38	830	46
28	830	28
27	830	27
29	830	29
39	830	43
38	830	38
28	830	28
27	830	27
26	830	26
29	830	29
41	830	41
28	830	30
26	830	26
21	830	21
25	830	25
34	830	34
18	830	18
30	830	30
27	830	29
25	830	25
31	830	31
27	830	27
28	830	30
25	830	25
23	830	23
28	830	28
23	830	25
15	830	15
32	830	32
38	830	40
27	830	27
27	830	27
19	830	19
25	830	27
25	830	27
24	830	26
26	830	26
27	830	27
31	830	31
24	830	24
23	830	25
26	830	26
21	830	21
27	830	27
25	830	25
14	830	14
31	830	33
30	830	32
23	830	25
23	830	23
17	830	19
22	830	22
19	830	19
39	830	39
14	830	14
27	830	27
23	830	23
33	830	33
28	830	28
21	830	21
31	830	35
24	830	24
27	830	29
26	830	28
30	830	32
25	830	27
38	830	40
17	830	17
23	830	23
32	830	32
26	830	28
21	830	23
20	830	20
23	830	23
17	830	17
27	830	29
29	830	31
20	830	22
21	830	21
18	830	18
27	830	27
20	830	20
25	830	25
28	830	28
29	830	29
24	830	24
19	830	19
29	830	29
20	830	22
16	830	16
19	830	19
24	830	24
27	830	29
23	830	23
24	830	26
22	830	24
19	830	19
16	830	16
17	830	17
21	830	23
24	830	24
16	830	16
19	830	19
15	830	15
23	830	23
20	830	20
33	830	33
24	830	26
30	830	30
23	830	23
19	830	19
23	830	23
20	830	20
24	830	24
23	830	27
24	830	24
21	830	23
18	830	18
17	830	17
13	830	13
15	830	15
34	830	34
28	830	28
15	830	15
17	830	17
13	830	13
17	830	17
14	830	16
15	830	15
20	830	20
19	830	21
11	830	11
16	830	16
14	830	14
20	830	22
17	830	17
17	830	17
25	830	27
27	830	27
11	830	11
13	830	13
13	830	13
21	830	21
22	830	22
26	830	28
19	830	19
24	830	26
20	830	20
28	830	30
28	830	28
21	830	21
24	830	24
18	830	18
21	830	23
21	830	21
21	830	21
24	830	26
18	830	18
22	830	24
17	830	17
22	830	24
12	830	12
17	830	17
19	830	19
15	830	15
19	830	19
14	830	14
16	830	16
21	830	21
11	830	13
16	830	16
20	830	22
15	830	15
20	830	20
13	830	13
21	830	21
21	830	21
18	830	18
18	830	18
17	830	17
22	830	24
23	830	23
14	830	14
24	830	24
20	830	22
12	830	12
23	830	23
12	830	14
17	830	17
14	830	16
10	830	10
16	830	16
15	830	15
9	830	9
21	830	21
14	830	14
21	830	21
14	830	14
16	830	16
12	830	12
17	830	19
13	830	15
17	830	19
17	830	17
12	830	12
10	830	10
14	830	14
18	830	22
18	830	18
15	830	15
14	830	14
15	830	17
12	830	12
26	830	30
13	830	15
11	830	11
14	830	14
21	830	21
18	830	20
12	830	12
10	830	10
18	830	18
15	830	15
21	830	21
18	830	18
17	830	17
10	830	10
18	830	18
15	830	15
5	830	5
14	830	14
20	830	20
17	830	19
15	830	15
11	830	11
16	830	16
14	830	14
11	830	11
11	830	11
16	830	16
9	830	9
14	830	14
12	830	12
11	830	13
9	830	9
8	830	8
10	830	10
14	830	14
15	830	17
14	830	14
12	830	12
12	830	12
14	830	14
13	830	13
14	830	14
18	830	18
9	830	9
6	830	6
9	830	11
12	830	12
15	830	15
10	830	10
14	830	14
13	830	13
10	830	10
8	830	8
10	830	10
9	830	9
10	830	10
8	830	8
21	830	23
11	830	11
16	830	16
15	830	15
9	830	9
11	830	11
12	830	12
9	830	9
10	830	10
11	830	11
7	830	7
9	830	9
6	830	6
12	830	12
15	830	15
9	830	9
9	830	9
12	830	12
23	830	23
13	830	13
10	830	10
9	830	9
14	830	14
5	830	5
6	830	6
10	830	10
14	830	14
9	830	9
13	830	13
13	830	13
11	830	11
19	830	21
6	830	6
7	830	7
10	830	10
8	830	8
8	830	8
9	830	9
13	830	13
6	830	6
13	830	13
9	830	9
7	830	7
8	830	8
13	830	13
11	830	13
9	830	9
11	830	11
15	830	15
14	830	14
17	830	17
7	830	7
6	830	6
6	830	6
10	830	10
16	830	16
12	830	12
9	830	9
10	830	10
6	830	6
9	830	9
9	830	9
9	830	9
8	830	8
10	830	10
12	830	12
13	830	13
7	830	7
11	830	11
13	830	13
8	830	8
10	830	10
4	830	4
5	830	5
7	830	7
7	830	7
7	830	7
6	830	6
7	830	7
14	830	14
8	830	8
9	830	9
15	830	15
10	830	10
10	830	10
10	830	10
5	830	5
7	830	7
6	830	6
4	830	4
8	830	8
7	830	7
5	830	5
4	830	4
7	830	7
11	830	11
11	830	11
8	830	8
7	830	7
7	830	7
7	830	7
10	830	10
9	830	9
6	830	6
6	830	6
9	830	9
8	830	8
7	830	7
7	830	7
8	830	8
6	830	6
1	830	1
8	830	8
4	830	4
6	830	6
9	830	9
9	830	9
12	830	12
10	830	10
8	830	8
9	830	9
7	830	7
7	830	7
4	830	4
6	830	6
3	830	3
5	830	5
8	830	8
12	830	12
7	830	7
9	830	9
8	830	8
5	830	5
7	830	7
11	830	11
7	830	7
4	830	4
6	830	6
8	830	8
8	830	8
0	830	0
5	830	5
6	830	6
5	830	5
11	830	11
7	830	7
5	830	5
4	830	4
3	830	3
3	830	3
7	830	7
4	830	4
4	830	4
7	830	7
7	830	7
4	830	4
4	830	4
14	830	14
7	830	7
7	830	7
8	830	8
8	830	8
5	830	5
5	830	5
5	830	5
7	830	7
6	830	6
6	830	6
4	830	4
7	830	7
3	830	3
5	830	5
6	830	6
8	830	8
4	830	4
6	830	6
7	830	7
10	830	10
9	830	9
8	830	8
5	830	5
10	830	10
2	830	2
5	830	5
7	830	7
4	830	4
6	830	6
5	830	5
6	830	6
6	830	6
6	830	6
4	830	4
6	830	6
8	830	8
7	830	7
7	830	7
5	830	5
8	830	8
5	830	5
4	830	4
3	830	3
3	830	3
11	830	11
5	830	5
3	830	3
4	830	4
6	830	6
9	830	9
4	830	4
2	830	2
7	830	7
5	830	5
8	830	8
6	830	6
7	830	7
3	830	3
6	830	6
5	830	5
8	830	10
10	830	10
5	830	5
6	830	6
4	830	4
6	830	6
4	830	4
6	830	6
7	830	7
5	830	5
7	830	7
7	830	7
3	830	3
5	830	5
7	830	7
4	830	4
3	830	3
3	830	3
1	830	1
3	830	3
2	830	2
5	830	5
1	830	1
7	830	7
9	830	9
2	830	2
5	830	5
3	830	3
3	830	3
8	830	8
6	830	6
4	830	4
6	830	6
4	830	4
2	830	2
4	830	4
9	830	9
1	830	1
3	830	3
5	830	5
2	830	2
5	830	5
4	830	4
3	830	3
5	830	5
2	830	2
2	830	2
3	830	3
1	830	1
5	830	5
5	830	5
4	830	4
6	830	6
5	830	5
1	830	1
4	830	4
6	830	6
2	830	2
3	830	3
8	830	8
6	830	6
3	830	3
2	830	2
4	830	4
4	830	4
4	830	4
3	830	3
4	830	4
4	830	4
3	830	3
4	830	4
6	830	6
7	830	7
6	830	6
3	830	3
2	830	2
3	830	3
2	830	2
1	830	1
5	830	5
2	830	2
3	830	3
4	830	4
2	830	2
2	830	2
3	830	3
4	830	4
3	830	3
4	830	4
1	830	1
1	830	1
4	830	4
3	830	3
4	830	4
1	830	1
4	830	4
1	830	1
8	830	8
2	830	2
4	830	4
5	830	5
1	830	1
4	830	4
3	830	3
1	830	1
8	830	8
7	830	7
4	830	4
1	830	1
5	830	5
2	830	2
3	830	3
2	830	2
2	830	2
1	830	1
2	830	2
3	830	3
4	830	4
2	830	2
4	830	4
0	830	0
2	830	2
1	830	1
1	830	1
2	830	2
1	830	1
1	830	1
2	830	2
4	830	4
1	830	1
6	830	6
1	830	1
3	830	3
3	830	3
4	830	4
4	830	4
5	830	5
4	830	4
1	830	1
3	830	5
3	830	3
2	830	2
2	830	2
3	830	3
3	830	3
2	830	2
1	830	1
3	830	3
3	830	3
1	830	1
3	830	3
3	830	3
1	830	1
1	830	1
1	830	1
0	830	0
0	830	0
1	830	1
1	830	1
0	830	0
6	830	6
0	830	0
1	830	1
3	830	3
1	830	1
2	830	2
0	830	0
1	830	1
3	830	3
2	830	2
4	830	4
3	830	3
5	830	5
4	830	4
4	830	4
2	830	2
1	830	1
2	830	2
2	830	2
1	830	1
2	830	2
3	830	3
1	830	1
1	830	1
4	830	4
2	830	2
1	830	1
3	830	3
6	830	6
7	830	7
2	830	2
1	830	1
1	830	1
1	830	1
1	830	1
1	830	1
3	830	3
1	830	1
4	830	4
2	830	2
2	830	2
0	830	0
4	830	4
3	830	3
3	830	3
3	830	3
1	830	1
3	830	3
2	830	2
4	830	4
1	830	1
1	830	1
1	830	1
4	830	4
4	830	4
0	830	0
2	830	2
4	830	4
2	830	2
2	830	2
2	830	2
0	830	0
2	830	2
0	830	0
2	830	2
1	830	1
0	830	0
0	830	0
4	830	4
3	830	3
5	830	5
2	830	2
1	830	1
2	830	2
0	830	0
2	830	2
4	830	4
3	830	3
0	830	0
0	830	0
2	830	2
0	830	0
0	830	0
1	830	1
2	830	2
2	830	2
3	830	3
4	830	4
0	830	0
3	830	3
3	830	3
0	830	0
1	830	1
1	830	1
3	830	3
0	830	0
2	830	2
0	830	0
1	830	1
3	830	3
1	830	1
1	830	1
2	830	2
1	830	1
1	830	1
1	830	1
2	830	2
1	830	1
3	830	3
3	830	3
1	830	1
1	830	1
0	830	0
1	830	1
2	830	2
1	830	1
2	830	2
4	830	4
2	830	2
2	830	2
0	830	0
0	830	0
1	830	1
1	830	1
1	830	1
4	830	4
6	830	6
1	830	1
2	830	2
2	830	2
2	830	2
4	830	4
2	830	2
0	830	0
1	830	1
1	830	1
1	830	1
0	830	0
0	830	0
1	830	1
0	830	0
0	830	0
0	830	0
0	830	0
0	830	0
0	830	0
0	830	0
0	830	0
0	830	0
