0	830	0
0	830	0
0	830	0
0	830	0
0	830	0
0	830	0
0	830	0
0	830	0
0	830	0
0	830	0
0	830	0
0	830	0
0	830	0
0	830	0
0	830	0
0	830	0
0	830	0
0	830	0
0	830	0
0	830	0
0	830	0
0	830	0
0	830	0
0	830	0
0	830	0
0	830	0
0	830	0
0	830	0
0	830	0
0	830	0
0	830	0
0	830	0
0	830	0
0	830	0
0	830	0
0	830	0
0	830	0
0	830	0
0	830	0
0	830	0
0	830	0
0	830	0
0	830	0
0	830	0
0	830	0
0	830	0
0	830	0
0	830	0
0	830	0
0	830	0
0	830	0
0	830	0
0	830	0
0	830	0
0	830	0
0	830	0
0	830	0
0	830	0
0	830	0
0	830	0
0	830	0
0	830	0
0	830	0
0	830	0
0	830	0
0	830	0
0	830	0
0	830	0
0	830	0
0	830	0
0	830	0
0	830	0
0	830	0
0	830	0
0	830	0
0	830	0
0	830	0
0	830	0
0	830	0
0	830	0
0	830	0
0	830	0
0	830	0
0	830	0
0	830	0
0	830	0
0	830	0
0	830	0
0	830	0
0	830	0
0	830	0
0	830	0
0	830	0
0	830	0
0	830	0
0	830	0
0	830	0
0	830	0
0	830	0
0	830	0
0	830	0
0	830	0
0	830	0
0	830	0
0	830	0
0	830	0
0	830	0
0	830	0
0	830	0
0	830	0
0	830	0
0	830	0
0	830	0
0	830	0
0	830	0
0	830	0
0	830	0
0	830	0
0	830	0
0	830	0
0	830	0
0	830	0
0	830	0
0	830	0
0	830	0
0	830	0
0	830	0
0	830	0
0	830	0
0	830	0
0	830	0
0	830	0
0	830	0
0	830	0
0	830	0
0	830	0
0	830	0
0	830	0
0	830	0
0	830	0
0	830	0
0	830	0
0	830	0
0	830	0
0	830	0
0	830	0
0	830	0
0	830	0
0	830	0
0	830	0
0	830	0
0	830	0
0	830	0
0	830	0
0	830	0
0	830	0
0	830	0
0	830	0
0	830	0
0	830	0
0	830	0
0	830	0
0	830	0
0	830	0
0	830	0
0	830	0
0	830	0
0	830	0
0	830	0
0	830	0
0	830	0
0	830	0
0	830	0
0	830	0
0	830	0
0	830	0
0	830	0
0	830	0
0	830	0
0	830	0
0	830	0
0	830	0
0	830	0
0	830	0
0	830	0
0	830	0
0	830	0
0	830	0
0	830	0
0	830	0
0	830	0
0	830	0
0	830	0
0	830	0
0	830	0
0	830	0
0	830	0
0	830	0
0	830	0
0	830	0
0	830	0
0	830	0
0	830	0
0	830	0
0	830	0
0	830	0
0	830	0
0	830	0
0	830	0
0	830	0
0	830	0
0	830	0
0	830	0
0	830	0
0	830	0
0	830	0
0	830	0
0	830	0
0	830	0
0	830	0
0	830	0
0	830	0
0	830	0
0	830	0
0	830	0
0	830	0
0	830	0
0	830	0
0	830	0
0	830	0
0	830	0
0	830	0
0	830	0
0	830	0
0	830	0
0	830	0
0	830	0
0	830	0
0	830	0
0	830	0
0	830	0
0	830	0
0	830	0
0	830	0
0	830	0
0	830	0
0	830	0
0	830	0
0	830	0
0	830	0
0	830	0
0	830	0
0	830	0
0	830	0
0	830	0
0	830	0
0	830	0
0	830	0
0	830	0
0	830	0
0	830	0
0	830	0
0	830	0
0	830	0
0	830	0
0	830	0
0	830	0
0	830	0
0	830	0
0	830	0
0	830	0
0	830	0
0	830	0
0	830	0
0	830	0
0	830	0
0	830	0
0	830	0
0	830	0
0	830	0
0	830	0
0	830	0
0	830	0
0	830	0
0	830	0
0	830	0
0	830	0
0	830	0
0	830	0
0	830	0
0	830	0
0	830	0
0	830	0
0	830	0
0	830	0
0	830	0
0	830	0
0	830	0
0	830	0
0	830	0
0	830	0
0	830	0
0	830	0
0	830	0
0	830	0
0	830	0
0	830	0
0	830	0
0	830	0
0	830	0
0	830	0
0	830	0
0	830	0
0	830	0
0	830	0
0	830	0
0	830	0
0	830	0
0	830	0
0	830	0
0	830	0
0	830	0
0	830	0
0	830	0
0	830	0
0	830	0
0	830	0
0	830	0
0	830	0
0	830	0
0	830	0
0	830	0
0	830	0
0	830	0
0	830	0
0	830	0
0	830	0
0	830	0
0	830	0
0	830	0
0	830	0
0	830	0
0	830	0
0	830	0
0	830	0
0	830	0
0	830	0
0	830	0
0	830	0
0	830	0
0	830	0
0	830	0
0	830	0
0	830	0
0	830	0
0	830	0
0	830	0
0	830	0
0	830	0
0	830	0
0	830	0
0	830	0
0	830	0
0	830	0
0	830	0
0	830	0
0	830	0
0	830	0
0	830	0
0	830	0
0	830	0
0	830	0
0	830	0
0	830	0
0	830	0
0	830	0
0	830	0
0	830	0
0	830	0
0	830	0
0	830	0
0	830	0
0	830	0
0	830	0
0	830	0
0	830	0
0	830	0
0	830	0
0	830	0
0	830	0
0	830	0
0	830	0
0	830	0
0	830	0
0	830	0
0	830	0
0	830	0
0	830	0
0	830	0
0	830	0
0	830	0
0	830	0
0	830	0
0	830	0
0	830	0
0	830	0
0	830	0
0	830	0
0	830	0
0	830	0
0	830	0
0	830	0
0	830	0
0	830	0
0	830	0
0	830	0
0	830	0
0	830	0
0	830	0
0	830	0
0	830	0
0	830	0
0	830	0
0	830	0
0	830	0
0	830	0
0	830	0
0	830	0
0	830	0
0	830	0
0	830	0
0	830	0
0	830	0
0	830	0
0	830	0
0	830	0
0	830	0
0	830	0
0	830	0
0	830	0
0	830	0
0	830	0
0	830	0
0	830	0
0	830	0
0	830	0
0	830	0
0	830	0
0	830	0
0	830	0
0	830	0
0	830	0
0	830	0
0	830	0
0	830	0
0	830	0
0	830	0
0	830	0
0	830	0
0	830	0
0	830	0
0	830	0
0	830	0
0	830	0
0	830	0
0	830	0
0	830	0
0	830	0
0	830	0
0	830	0
0	830	0
0	830	0
0	830	0
0	830	0
0	830	0
0	830	0
0	830	0
0	830	0
0	830	0
0	830	0
0	830	0
0	830	0
0	830	0
0	830	0
0	830	0
0	830	0
0	830	0
0	830	0
0	830	0
0	830	0
0	830	0
0	830	0
0	830	0
0	830	0
0	830	0
0	830	0
0	830	0
0	830	0
0	830	0
0	830	0
0	830	0
0	830	0
0	830	0
0	830	0
0	830	0
0	830	0
0	830	0
0	830	0
0	830	0
0	830	0
0	830	0
0	830	0
0	830	0
0	830	0
0	830	0
0	830	0
0	830	0
0	830	0
2	830	2
0	830	0
1	830	1
2	830	2
3	830	3
1	830	1
2	830	2
2	830	2
1	830	1
1	830	1
5	830	5
3	830	3
4	830	4
2	830	2
7	830	7
8	830	8
8	830	8
14	830	16
10	830	10
7	830	7
12	830	12
12	830	12
12	830	12
17	830	17
13	830	13
13	830	13
21	830	21
16	830	16
15	830	17
19	830	19
19	830	19
21	830	21
17	830	19
20	830	20
18	830	18
31	830	31
30	830	30
19	830	19
42	830	44
30	830	30
20	830	20
33	830	33
33	830	33
42	830	44
35	830	35
23	830	25
39	830	43
27	830	27
32	830	32
32	830	36
35	830	35
20	830	20
29	830	29
33	830	33
27	830	27
24	830	24
36	830	40
33	830	35
25	830	25
37	830	39
45	830	55
35	830	39
38	830	38
32	830	32
29	830	31
34	830	36
42	830	42
34	830	36
42	830	46
36	830	36
47	830	51
37	830	37
44	830	46
50	830	52
42	830	44
32	830	36
36	830	38
31	830	31
42	830	44
41	830	43
45	830	47
36	830	38
42	830	44
37	830	39
46	830	48
45	830	45
41	830	41
42	830	44
34	830	36
54	830	56
45	830	45
61	830	67
50	830	54
31	830	33
30	830	30
34	830	34
52	830	56
46	830	46
49	830	49
48	830	50
37	830	39
43	830	45
37	830	37
43	830	45
39	830	43
41	830	43
30	830	34
49	830	51
51	830	53
39	830	43
50	830	52
44	830	46
33	830	35
36	830	36
33	830	33
43	830	45
32	830	32
35	830	41
38	830	40
48	830	58
34	830	38
40	830	40
31	830	33
49	830	51
36	830	36
37	830	41
35	830	35
35	830	35
45	830	45
40	830	42
28	830	28
42	830	42
33	830	35
46	830	52
34	830	34
35	830	39
38	830	38
42	830	42
26	830	26
44	830	48
41	830	41
38	830	40
37	830	39
38	830	38
42	830	48
26	830	26
40	830	40
29	830	29
41	830	41
29	830	29
34	830	34
29	830	29
32	830	34
41	830	43
40	830	40
47	830	51
32	830	32
48	830	48
47	830	47
39	830	43
49	830	55
44	830	50
47	830	49
31	830	33
41	830	41
43	830	43
48	830	50
32	830	32
39	830	45
47	830	47
41	830	45
51	830	53
46	830	50
47	830	49
47	830	49
49	830	57
38	830	40
61	830	71
47	830	47
62	830	68
41	830	45
48	830	48
50	830	54
63	830	69
52	830	56
51	830	51
51	830	57
63	830	65
80	830	86
68	830	72
75	830	75
78	830	88
53	830	55
72	830	78
65	830	67
78	830	80
78	830	86
92	830	100
79	830	85
85	830	95
82	830	90
91	830	103
91	830	99
111	830	121
101	830	113
103	830	115
102	830	110
89	830	97
101	830	109
91	830	93
125	830	147
95	830	103
105	830	125
121	830	135
111	830	125
110	830	118
118	830	134
127	830	139
107	830	117
136	830	152
122	830	146
136	830	156
120	830	142
135	830	157
121	830	147
109	830	121
153	830	187
130	830	142
154	830	188
149	830	181
136	830	152
147	830	175
136	830	162
142	830	176
144	830	164
148	830	178
121	830	135
137	830	165
147	830	161
142	830	154
123	830	141
145	830	165
140	830	158
136	830	148
141	830	171
141	830	161
139	830	167
134	830	166
123	830	137
125	830	149
135	830	147
123	830	147
151	830	181
122	830	148
126	830	150
133	830	165
125	830	137
124	830	148
134	830	162
129	830	149
135	830	147
105	830	111
111	830	115
123	830	149
117	830	133
147	830	167
139	830	155
125	830	147
105	830	125
122	830	140
112	830	124
99	830	109
123	830	141
125	830	135
126	830	142
103	830	125
108	830	118
127	830	161
115	830	125
97	830	105
106	830	116
120	830	130
103	830	111
86	830	106
120	830	136
101	830	119
111	830	125
108	830	124
118	830	136
114	830	132
113	830	121
128	830	146
97	830	111
104	830	112
108	830	116
120	830	130
124	830	158
99	830	113
114	830	118
97	830	103
104	830	116
79	830	83
100	830	110
91	830	101
97	830	107
96	830	114
93	830	99
92	830	104
104	830	118
90	830	104
91	830	99
100	830	110
109	830	117
105	830	119
103	830	111
85	830	97
72	830	80
89	830	93
95	830	107
105	830	117
90	830	110
97	830	115
91	830	107
97	830	101
87	830	97
80	830	90
92	830	102
94	830	100
95	830	107
92	830	100
86	830	92
103	830	111
83	830	93
84	830	88
95	830	97
90	830	96
73	830	77
106	830	120
72	830	80
79	830	89
95	830	111
98	830	112
100	830	116
94	830	102
104	830	106
93	830	105
64	830	72
86	830	90
100	830	112
80	830	98
84	830	90
76	830	84
92	830	104
86	830	90
81	830	87
70	830	76
81	830	81
83	830	91
79	830	83
73	830	83
77	830	89
87	830	93
75	830	75
103	830	113
78	830	84
81	830	83
83	830	101
74	830	82
82	830	86
77	830	85
73	830	77
84	830	96
80	830	86
70	830	76
83	830	99
78	830	84
71	830	83
77	830	81
76	830	80
61	830	63
76	830	86
96	830	102
79	830	79
52	830	54
58	830	62
69	830	69
64	830	70
75	830	81
69	830	73
81	830	95
78	830	84
70	830	76
71	830	73
73	830	75
66	830	72
72	830	78
73	830	75
63	830	67
73	830	77
68	830	68
81	830	89
63	830	67
68	830	78
67	830	77
69	830	81
65	830	67
61	830	67
64	830	74
60	830	68
54	830	58
71	830	77
74	830	82
77	830	77
70	830	74
54	830	56
73	830	85
67	830	71
71	830	77
59	830	59
61	830	65
63	830	67
60	830	68
65	830	71
57	830	57
57	830	61
61	830	67
58	830	66
54	830	58
63	830	65
54	830	56
65	830	69
49	830	51
52	830	58
66	830	68
53	830	57
49	830	55
56	830	58
68	830	72
65	830	73
55	830	57
57	830	61
51	830	53
77	830	87
65	830	65
57	830	59
59	830	65
55	830	59
57	830	61
68	830	74
70	830	76
62	830	70
56	830	60
52	830	56
56	830	60
72	830	72
63	830	65
61	830	71
62	830	68
61	830	67
54	830	58
56	830	56
64	830	68
57	830	61
58	830	60
58	830	60
47	830	49
63	830	67
46	830	52
69	830	73
38	830	38
43	830	47
66	830	66
53	830	55
60	830	64
54	830	56
52	830	54
48	830	52
50	830	52
40	830	44
62	830	66
52	830	56
51	830	55
48	830	50
53	830	59
51	830	53
42	830	42
44	830	46
63	830	67
58	830	62
51	830	55
37	830	37
75	830	81
48	830	52
54	830	56
53	830	57
53	830	55
49	830	53
37	830	41
50	830	52
45	830	51
62	830	62
54	830	60
51	830	53
54	830	56
30	830	32
39	830	39
55	830	59
50	830	50
44	830	48
49	830	49
51	830	53
68	830	80
37	830	41
48	830	50
40	830	42
55	830	55
50	830	52
41	830	43
47	830	49
55	830	57
45	830	45
47	830	51
55	830	57
46	830	50
58	830	62
54	830	60
53	830	53
42	830	44
36	830	36
45	830	45
45	830	47
42	830	48
46	830	52
31	830	31
46	830	46
46	830	48
50	830	50
38	830	40
38	830	38
44	830	46
50	830	52
44	830	44
46	830	52
44	830	46
34	830	38
44	830	48
45	830	47
37	830	39
42	830	42
39	830	41
36	830	36
41	830	45
42	830	42
32	830	32
42	830	42
33	830	37
46	830	50
46	830	50
52	830	62
61	830	69
56	830	62
52	830	52
39	830	41
45	830	49
33	830	33
48	830	50
45	830	45
41	830	43
43	830	47
45	830	47
35	830	35
34	830	36
52	830	58
36	830	40
47	830	49
42	830	48
44	830	44
43	830	47
42	830	42
35	830	35
44	830	44
38	830	42
41	830	41
44	830	46
34	830	34
35	830	35
42	830	42
35	830	37
37	830	39
32	830	34
37	830	37
26	830	28
42	830	44
36	830	36
36	830	36
36	830	40
42	830	44
37	830	39
47	830	47
46	830	52
39	830	47
29	830	29
35	830	35
51	830	55
38	830	40
42	830	44
36	830	42
32	830	34
41	830	45
33	830	33
32	830	34
29	830	31
26	830	28
39	830	39
34	830	36
29	830	29
45	830	45
29	830	29
36	830	38
38	830	38
32	830	32
34	830	36
47	830	49
41	830	43
34	830	38
27	830	27
30	830	32
40	830	44
40	830	40
24	830	24
30	830	32
30	830	32
28	830	28
36	830	38
38	830	40
35	830	35
42	830	46
28	830	30
32	830	32
30	830	32
29	830	29
28	830	28
32	830	34
31	830	35
37	830	37
27	830	27
32	830	32
26	830	28
37	830	37
28	830	30
24	830	24
36	830	38
28	830	30
33	830	35
37	830	39
38	830	40
35	830	35
21	830	21
33	830	33
29	830	29
21	830	23
32	830	34
33	830	33
29	830	31
43	830	51
36	830	36
22	830	26
30	830	32
28	830	30
27	830	27
39	830	45
35	830	39
37	830	39
53	830	57
25	830	25
27	830	27
25	830	25
29	830	29
32	830	32
25	830	27
36	830	36
36	830	36
33	830	35
37	830	39
28	830	28
27	830	29
31	830	31
20	830	20
27	830	29
21	830	25
37	830	39
25	830	25
30	830	30
34	830	38
34	830	36
41	830	41
26	830	26
39	830	41
18	830	18
35	830	35
34	830	34
30	830	32
19	830	19
26	830	28
22	830	24
30	830	32
22	830	22
22	830	22
30	830	32
28	830	30
36	830	36
34	830	34
21	830	21
29	830	29
25	830	25
17	830	17
28	830	30
29	830	29
29	830	33
19	830	19
18	830	18
30	830	30
31	830	31
16	830	16
20	830	22
28	830	28
20	830	20
33	830	33
30	830	34
25	830	27
25	830	25
24	830	26
21	830	21
19	830	19
19	830	19
29	830	31
17	830	17
26	830	28
28	830	28
29	830	29
26	830	26
29	830	29
22	830	22
25	830	27
17	830	17
21	830	21
21	830	21
25	830	25
21	830	21
19	830	19
29	830	29
27	830	27
31	830	33
27	830	31
20	830	20
30	830	30
24	830	24
26	830	26
24	830	24
32	830	32
26	830	26
22	830	22
32	830	32
21	830	21
19	830	19
25	830	25
26	830	26
26	830	26
22	830	24
28	830	28
28	830	30
21	830	21
24	830	26
25	830	25
22	830	22
17	830	17
32	830	34
15	830	15
22	830	26
22	830	22
19	830	21
21	830	21
19	830	19
21	830	23
28	830	28
9	830	9
11	830	11
30	830	30
23	830	23
25	830	25
16	830	16
14	830	14
12	830	12
32	830	38
31	830	31
24	830	26
10	830	10
17	830	17
13	830	13
21	830	21
32	830	32
18	830	18
20	830	20
16	830	16
15	830	15
26	830	26
22	830	22
16	830	16
19	830	19
17	830	19
21	830	21
18	830	18
16	830	16
21	830	21
20	830	20
23	830	23
24	830	24
20	830	22
18	830	18
22	830	24
21	830	21
10	830	10
27	830	27
13	830	13
21	830	21
19	830	19
13	830	13
27	830	29
29	830	31
17	830	17
14	830	14
11	830	11
16	830	16
18	830	20
11	830	11
22	830	22
15	830	15
15	830	15
12	830	12
16	830	20
15	830	15
14	830	14
13	830	13
21	830	21
22	830	22
12	830	12
12	830	12
17	830	17
17	830	17
11	830	11
17	830	17
16	830	16
13	830	13
10	830	10
21	830	21
14	830	14
22	830	26
10	830	10
16	830	16
16	830	16
19	830	19
22	830	22
18	830	20
23	830	23
14	830	14
7	830	7
13	830	13
18	830	18
14	830	14
9	830	9
12	830	12
10	830	10
27	830	27
16	830	16
18	830	18
14	830	14
10	830	10
13	830	13
12	830	12
10	830	10
16	830	16
15	830	15
12	830	12
15	830	15
15	830	15
10	830	12
20	830	20
16	830	16
15	830	15
18	830	18
15	830	15
12	830	12
12	830	12
10	830	10
9	830	9
22	830	22
17	830	17
17	830	17
18	830	18
21	830	23
13	830	13
13	830	13
10	830	10
11	830	11
19	830	19
14	830	16
13	830	13
15	830	15
17	830	17
13	830	13
13	830	13
17	830	17
14	830	14
12	830	12
10	830	10
6	830	6
17	830	17
13	830	13
11	830	11
16	830	16
17	830	17
8	830	8
12	830	12
8	830	8
14	830	14
12	830	12
13	830	13
13	830	13
15	830	15
17	830	19
10	830	10
15	830	15
15	830	15
13	830	15
18	830	18
13	830	13
11	830	11
10	830	10
16	830	18
11	830	11
9	830	9
8	830	8
10	830	10
14	830	14
11	830	11
15	830	15
11	830	11
7	830	7
12	830	12
20	830	20
13	830	13
6	830	6
8	830	8
7	830	7
9	830	9
13	830	13
13	830	13
8	830	8
18	830	20
10	830	10
5	830	5
14	830	14
14	830	14
15	830	15
18	830	18
5	830	5
9	830	9
10	830	10
7	830	7
9	830	9
12	830	12
11	830	11
10	830	10
14	830	14
12	830	12
7	830	7
10	830	10
6	830	6
7	830	7
8	830	8
12	830	14
7	830	7
12	830	12
11	830	11
5	830	5
12	830	12
11	830	11
9	830	9
11	830	11
11	830	11
8	830	8
9	830	9
10	830	10
5	830	5
8	830	8
6	830	6
11	830	11
8	830	8
10	830	10
2	830	2
18	830	18
12	830	12
12	830	12
12	830	12
7	830	7
8	830	8
13	830	13
11	830	11
7	830	7
14	830	14
7	830	7
7	830	7
11	830	11
14	830	14
14	830	14
12	830	12
10	830	12
10	830	10
5	830	5
11	830	11
7	830	7
16	830	18
8	830	8
5	830	5
6	830	6
6	830	6
10	830	10
7	830	7
9	830	11
10	830	10
8	830	8
3	830	3
7	830	7
7	830	7
6	830	6
12	830	12
4	830	4
15	830	15
8	830	8
6	830	6
11	830	11
5	830	5
7	830	7
9	830	9
13	830	13
7	830	9
8	830	8
13	830	13
5	830	5
6	830	6
11	830	11
6	830	6
5	830	5
12	830	12
10	830	10
4	830	4
8	830	8
13	830	13
11	830	11
3	830	3
10	830	10
2	830	2
7	830	7
8	830	8
9	830	9
6	830	6
7	830	7
10	830	12
5	830	5
6	830	6
9	830	9
2	830	2
6	830	6
5	830	5
6	830	6
11	830	13
5	830	5
3	830	3
8	830	8
4	830	4
7	830	7
7	830	7
7	830	7
6	830	6
8	830	8
7	830	7
6	830	6
4	830	4
6	830	6
6	830	6
7	830	7
7	830	7
3	830	3
4	830	4
6	830	6
5	830	5
7	830	7
11	830	11
5	830	5
4	830	4
9	830	9
8	830	8
9	830	9
4	830	4
9	830	9
4	830	4
10	830	10
3	830	3
2	830	2
13	830	13
8	830	8
4	830	4
4	830	4
6	830	6
8	830	8
6	830	6
8	830	8
5	830	5
6	830	6
5	830	5
9	830	9
7	830	7
3	830	3
1	830	1
2	830	2
5	830	5
4	830	4
5	830	5
4	830	4
6	830	6
2	830	2
4	830	4
2	830	2
2	830	2
6	830	6
3	830	3
4	830	4
4	830	4
4	830	4
1	830	1
7	830	7
7	830	7
3	830	3
4	830	4
5	830	5
3	830	3
9	830	9
8	830	8
3	830	3
4	830	4
6	830	6
7	830	7
5	830	5
5	830	5
9	830	11
9	830	9
3	830	3
8	830	8
4	830	4
3	830	3
4	830	4
5	830	5
7	830	7
3	830	3
5	830	5
4	830	4
4	830	4
2	830	2
6	830	6
6	830	6
3	830	3
3	830	3
2	830	2
4	830	4
5	830	5
3	830	3
6	830	6
4	830	4
7	830	7
4	830	4
4	830	4
6	830	6
1	830	1
3	830	3
4	830	4
4	830	4
6	830	6
2	830	2
2	830	2
0	830	0
5	830	5
3	830	3
5	830	5
4	830	4
5	830	5
2	830	2
4	830	4
3	830	3
3	830	3
2	830	2
3	830	3
5	830	5
3	830	3
1	830	1
4	830	4
4	830	4
6	830	6
2	830	2
5	830	5
2	830	2
6	830	6
2	830	2
2	830	2
6	830	6
3	830	3
4	830	4
5	830	5
5	830	5
3	830	3
3	830	3
6	830	6
2	830	2
4	830	4
6	830	6
4	830	4
5	830	5
2	830	2
3	830	3
1	830	1
2	830	2
5	830	5
4	830	4
5	830	7
6	830	8
4	830	4
2	830	2
0	830	0
7	830	7
8	830	8
1	830	1
0	830	0
2	830	2
2	830	2
7	830	7
4	830	4
4	830	4
2	830	2
2	830	2
3	830	3
5	830	5
6	830	6
1	830	1
2	830	2
2	830	2
2	830	2
2	830	2
2	830	2
4	830	4
3	830	3
4	830	4
6	830	6
8	830	8
7	830	7
2	830	2
3	830	3
6	830	6
2	830	2
2	830	2
1	830	1
1	830	1
4	830	4
1	830	1
6	830	6
2	830	2
5	830	5
3	830	3
6	830	6
0	830	0
2	830	2
3	830	3
2	830	2
3	830	3
3	830	3
3	830	3
3	830	3
3	830	3
4	830	4
3	830	3
1	830	1
2	830	2
2	830	2
0	830	0
0	830	0
1	830	1
1	830	1
3	830	3
2	830	2
0	830	0
2	830	2
4	830	4
1	830	1
5	830	5
1	830	1
2	830	2
1	830	1
1	830	1
3	830	3
0	830	0
3	830	3
5	830	5
2	830	2
2	830	2
4	830	4
4	830	4
7	830	7
2	830	2
2	830	2
4	830	4
4	830	4
4	830	4
2	830	2
2	830	2
5	830	5
3	830	3
1	830	1
4	830	4
3	830	3
2	830	2
2	830	2
1	830	1
3	830	3
5	830	5
3	830	3
2	830	2
3	830	3
1	830	1
1	830	1
3	830	3
0	830	0
4	830	4
0	830	0
5	830	5
1	830	1
1	830	1
2	830	2
0	830	0
2	830	2
1	830	1
3	830	3
1	830	1
3	830	3
1	830	1
1	830	1
2	830	2
1	830	1
0	830	0
2	830	2
1	830	1
2	830	2
2	830	2
3	830	3
0	830	0
0	830	0
0	830	0
4	830	4
3	830	3
2	830	2
2	830	2
1	830	1
2	830	2
1	830	1
3	830	3
0	830	0
3	830	3
1	830	1
3	830	3
3	830	3
0	830	0
2	830	2
2	830	2
1	830	1
1	830	1
2	830	2
2	830	2
1	830	1
1	830	1
2	830	2
2	830	2
3	830	3
4	830	4
0	830	0
0	830	0
0	830	0
0	830	0
5	830	5
1	830	1
1	830	1
2	830	2
1	830	1
2	830	2
2	830	2
2	830	2
0	830	0
0	830	0
0	830	0
1	830	1
8	830	8
1	830	1
1	830	1
0	830	0
1	830	1
0	830	0
2	830	2
2	830	2
2	830	2
2	830	2
1	830	1
1	830	1
0	830	0
1	830	1
3	830	3
2	830	2
0	830	0
1	830	1
3	830	3
1	830	1
1	830	1
3	830	3
1	830	1
1	830	1
3	830	3
1	830	1
0	830	0
2	830	2
0	830	0
2	830	2
0	830	0
4	830	4
0	830	0
1	830	1
0	830	0
1	830	1
1	830	1
2	830	2
1	830	1
2	830	2
0	830	0
2	830	2
0	830	0
0	830	0
2	830	2
1	830	1
0	830	0
2	830	2
0	830	0
0	830	0
0	830	0
2	830	2
2	830	2
1	830	1
4	830	4
0	830	0
0	830	0
4	830	4
0	830	0
0	830	0
0	830	0
2	830	2
1	830	1
0	830	0
0	830	0
0	830	0
2	830	2
1	830	1
1	830	1
0	830	0
2	830	2
1	830	1
2	830	2
1	830	1
2	830	2
0	830	0
0	830	0
0	830	0
0	830	0
0	830	0
0	830	0
0	830	0
0	830	0
0	830	0
